Participant 1

Channel rankings: 0.030012267, 0.04200078, 0.05339011, 0.032006204, 0.0313116, 0.09923917, 0.020494392, 0.09525705, 0.026949089, 0.041566517, 0.03391146, 0.0380711, 0.097396545, 0.024258016, 0.011052888, 0.026749136, 0.012265367, 0.01541722, 0.05665587, 0.010624016, 0.011846259, 0.009837811, 0.015843526, 0.015585276, 0.03311671, 0.01788512, 0.01796222, 0.017021207, 0.015454727, 0.0074178334, 0.012767222, 0.026633337
Channel Ranking Time: 35.58973574638367

Smote Upsampling Time: 183.33166885375977

Benchmark Score: 0.8212113976478577
Benchmarking Time: 21.39043617248535

Ranked performance: 0.8210993409156799, 0.8205872178077698, 0.8201177716255188, 0.820101797580719, 0.8186774253845215, 0.8183520436286926, 0.8191415667533875, 0.8183627128601074, 0.8164262771606445, 0.8160955309867859, 0.8171570897102356, 0.816196858882904, 0.8148899078369141, 0.8145484924316406, 0.812606692314148, 0.8098593950271606, 0.8092032074928284, 0.8076188564300537, 0.8050155639648438, 0.8005398511886597, 0.797296404838562, 0.7935195565223694, 0.7886170744895935, 0.7804231643676758, 0.7715303897857666, 0.757084310054779, 0.7402270436286926, 0.7024155259132385, 0.6896498203277588, 0.6464023590087891, 0.5528283715248108
Training and Testing Times per Reduction: 20.623237133026123, 19.880582809448242, 19.612889766693115, 19.78208637237549, 19.564095973968506, 19.60282874107361, 19.63068127632141, 18.671451330184937, 18.68841791152954, 18.612441301345825, 18.681447744369507, 18.55246329307556, 18.172849655151367, 18.401020526885986, 18.584978342056274, 18.64221429824829, 17.57759189605713, 17.93366289138794, 17.95235276222229, 17.440075397491455, 17.65193009376526, 17.610809803009033, 17.85467505455017, 16.804192066192627, 16.302435874938965, 16.2660870552063, 15.868650913238525, 14.680835485458374, 10.861327409744263, 10.255140781402588, 8.427712202072144
Classification Times0.7177004814147949, 0.7417676448822021, 0.6220786571502686, 0.7003376483917236, 0.562248945236206, 0.5852468013763428, 0.6170029640197754, 0.5890915393829346, 0.7048053741455078, 0.6293113231658936, 0.7130029201507568, 0.5948717594146729, 0.6935067176818848, 0.7579047679901123, 0.65073561668396, 0.7237608432769775, 0.7030215263366699, 0.7868578433990479, 0.7099196910858154, 0.750025749206543, 0.8522424697875977, 0.7610077857971191, 0.8990092277526855, 0.8539156913757324, 0.8386895656585693, 0.979851245880127, 0.8273353576660156, 0.7437667846679688, 0.09608125686645508, 0.011433839797973633, 0.041657209396362305
Overall Ranking Time: 539.1942055225372

Total Participant Time: 781.6665930747986

Participant 2

Channel rankings: 0.022137422, 0.04806973, 0.010065649, 0.016933318, 0.17081799, 0.021552652, 0.014696208, 0.017388962, 0.41578057, 0.04016412, 0.0074099493, 0.0070786886, 0.012721559, 0.035393666, 0.0106354365, 0.010423554, 0.0060361368, 0.006480011, 0.010328714, 0.011909694, 0.009602467, 0.00522417, 0.007955725, 0.006116938, 0.0075982017, 0.005181364, 0.006566474, 0.007335187, 0.01672071, 0.018232623, 0.009237107, 0.004204899
Channel Ranking Time: 36.730034828186035

Smote Upsampling Time: 249.64219903945923

Benchmark Score: 0.8429445028305054
Benchmarking Time: 17.287591457366943

Ranked performance: 0.8429231643676758, 0.8432965874671936, 0.8426830768585205, 0.8426457643508911, 0.8424323797225952, 0.8423576951026917, 0.8421496152877808, 0.8425924181938171, 0.8422242999076843, 0.8418989181518555, 0.8426991105079651, 0.8421176075935364, 0.8428751230239868, 0.8413121104240417, 0.8410453796386719, 0.8414934873580933, 0.8397063612937927, 0.8413707613945007, 0.8391569256782532, 0.8358761668205261, 0.8363082408905029, 0.8348145484924316, 0.8382127285003662, 0.8359988331794739, 0.8349745869636536, 0.8303655385971069, 0.8259698152542114, 0.8140257000923157, 0.8004598617553711, 0.7920045256614685, 0.696040689945221
Training and Testing Times per Reduction: 17.62315034866333, 17.142653465270996, 17.00583791732788, 17.283317804336548, 17.37240242958069, 17.29853320121765, 17.55758500099182, 16.30885934829712, 16.794334173202515, 16.620747327804565, 16.336835861206055, 16.316229820251465, 16.4335777759552, 16.55557894706726, 16.748552560806274, 16.55771255493164, 15.755861520767212, 15.680694341659546, 15.582765817642212, 15.663767576217651, 15.582522630691528, 15.934606552124023, 15.561094045639038, 14.64724326133728, 14.527157306671143, 14.57737135887146, 14.77692985534668, 13.949632406234741, 12.269723892211914, 11.86650276184082, 9.388599395751953
Classification Times0.21493816375732422, 0.1950819492340088, 0.19460773468017578, 0.20922589302062988, 0.18813204765319824, 0.19028878211975098, 0.18907690048217773, 0.21617817878723145, 0.21271681785583496, 0.20198607444763184, 0.20285820960998535, 0.20329666137695312, 0.2211744785308838, 0.21814608573913574, 0.19480276107788086, 0.2028212547302246, 0.21828389167785645, 0.2180027961730957, 0.2300117015838623, 0.25202178955078125, 0.24586057662963867, 0.28267598152160645, 0.3045034408569336, 0.30907535552978516, 0.2959861755371094, 0.2902181148529053, 0.2185657024383545, 0.1564655303955078, 0.0307161808013916, 0.00760650634765625, 0.04466533660888672
Overall Ranking Time: 485.721905708313

Total Participant Time: 791.5245983600616

Participant 3

Channel rankings: 0.029423913, 0.08874502, 0.06185797, 0.014448861, 0.09794652, 0.023213854, 0.016353639, 0.016271759, 0.08250959, 0.0318325, 0.020210858, 0.035904627, 0.019882942, 0.06894705, 0.019327456, 0.059373006, 0.012041783, 0.020302238, 0.012271408, 0.010177139, 0.036820315, 0.018808875, 0.014972682, 0.005399151, 0.03673565, 0.011507535, 0.022579229, 0.028370246, 0.014081094, 0.01822978, 0.014437035, 0.03701627
Channel Ranking Time: 35.86677098274231

Smote Upsampling Time: 153.43552350997925

Benchmark Score: 0.8138709664344788
Benchmarking Time: 18.95755648612976

Ranked performance: 0.8134975433349609, 0.8136522769927979, 0.81327885389328, 0.8123559951782227, 0.8122119307518005, 0.8114757537841797, 0.8113263845443726, 0.8111023306846619, 0.8115451335906982, 0.8102328181266785, 0.8093098998069763, 0.8089898228645325, 0.808227002620697, 0.8071441054344177, 0.8063065409660339, 0.8041673898696899, 0.8029297590255737, 0.8010306358337402, 0.7981499433517456, 0.7950452566146851, 0.7929754257202148, 0.7879395484924316, 0.7829464077949524, 0.7773877382278442, 0.7650862336158752, 0.7495945692062378, 0.7251141667366028, 0.6860223412513733, 0.659274697303772, 0.6496671438217163, 0.49734339118003845
Training and Testing Times per Reduction: 19.34009885787964, 20.20374321937561, 18.883457899093628, 18.668455362319946, 18.640607118606567, 18.700056314468384, 18.802623748779297, 17.944374799728394, 17.803255796432495, 17.746650457382202, 17.862709760665894, 17.76002526283264, 17.804484367370605, 17.82760000228882, 17.697291135787964, 17.965063333511353, 16.88658857345581, 16.839789390563965, 16.925970554351807, 16.684677600860596, 16.97019672393799, 16.937373876571655, 17.01963996887207, 15.92821478843689, 15.726889610290527, 16.16040802001953, 17.15945792198181, 14.730432033538818, 11.346915245056152, 10.349729061126709, 9.145631313323975
Classification Times0.46324825286865234, 0.44544482231140137, 0.44687676429748535, 0.4521369934082031, 0.46347904205322266, 0.4406437873840332, 0.45588231086730957, 0.5246295928955078, 0.5674741268157959, 0.5484123229980469, 0.5474810600280762, 0.5581235885620117, 0.5566308498382568, 0.5893049240112305, 0.5479438304901123, 0.5805761814117432, 0.6204349994659424, 0.6704964637756348, 0.661752462387085, 0.660193920135498, 0.7082769870758057, 0.6771833896636963, 0.8494412899017334, 0.7937338352203369, 0.8435287475585938, 0.9985907077789307, 0.8492355346679688, 0.7622537612915039, 0.32103919982910156, 0.00880289077758789, 0.041544437408447266
Overall Ranking Time: 522.463965177536

Total Participant Time: 732.86909532547

Participant 4

Channel rankings: 0.01817972, 0.014627841, 0.022889417, 0.08431852, 0.1055663, 0.03315323, 0.03702002, 0.023462057, 0.022626404, 0.01892673, 0.058855843, 0.07245878, 0.01388209, 0.04379514, 0.020549739, 0.08987138, 0.054304797, 0.027848609, 0.00813335, 0.012375963, 0.017600946, 0.01014956, 0.008325231, 0.009852321, 0.04030245, 0.016145231, 0.028914815, 0.03078449, 0.0073707565, 0.008650074, 0.02302408, 0.01603416
Channel Ranking Time: 38.213592767715454

Smote Upsampling Time: 154.52789306640625

Benchmark Score: 0.8383620977401733
Benchmarking Time: 17.585700511932373

Ranked performance: 0.837860643863678, 0.8380633592605591, 0.8374285101890564, 0.8369110822677612, 0.8367776870727539, 0.8363295793533325, 0.8358868360519409, 0.8360415101051331, 0.835262656211853, 0.8345958590507507, 0.8338383436203003, 0.8327180743217468, 0.8306909203529358, 0.8300774693489075, 0.8274368643760681, 0.8260231614112854, 0.8252390027046204, 0.821302056312561, 0.8177812099456787, 0.8146658539772034, 0.8122599720954895, 0.8083443641662598, 0.8017561435699463, 0.7931941151618958, 0.783698558807373, 0.7679188847541809, 0.7508588433265686, 0.7277708053588867, 0.7052801847457886, 0.5911734104156494, 0.5562692284584045
Training and Testing Times per Reduction: 18.20777678489685, 17.258284091949463, 17.212793827056885, 17.355698347091675, 16.985630989074707, 16.919333457946777, 16.84792709350586, 16.106616258621216, 16.3109929561615, 15.82839298248291, 15.947854995727539, 15.60282278060913, 15.735884666442871, 15.67074990272522, 15.751988172531128, 16.09535813331604, 14.5120370388031, 14.755033016204834, 14.643922090530396, 14.62128472328186, 14.50571584701538, 14.335710525512695, 14.526964664459229, 14.613255739212036, 14.256901264190674, 14.492295742034912, 13.411149740219116, 11.728508472442627, 9.403608083724976, 10.476883172988892, 12.311959743499756
Classification Times0.4505147933959961, 0.43214869499206543, 0.43590569496154785, 0.4686398506164551, 0.43167948722839355, 0.43625473976135254, 0.4303719997406006, 0.45363879203796387, 0.47524499893188477, 0.46266889572143555, 0.4634871482849121, 0.46273374557495117, 0.5308716297149658, 0.554027795791626, 0.5449182987213135, 0.5523908138275146, 0.601309061050415, 0.6229922771453857, 0.6349525451660156, 0.6443843841552734, 0.6840634346008301, 0.6610827445983887, 0.7318994998931885, 0.7907669544219971, 0.8023881912231445, 0.920311450958252, 0.7063055038452148, 0.5743567943572998, 0.0665125846862793, 0.009575366973876953, 0.004761219024658203
Overall Ranking Time: 466.43484115600586

Total Participant Time: 678.8625497817993

Participant 5

Channel rankings: 0.01982107, 0.024499392, 0.046598773, 0.022049712, 0.07530738, 0.02135381, 0.027985366, 0.021604177, 0.023574457, 0.02372749, 0.04539131, 0.07636176, 0.020975942, 0.047158625, 0.029566677, 0.07765958, 0.011869005, 0.021352643, 0.016828556, 0.012078676, 0.025208674, 0.021593384, 0.015732825, 0.011707502, 0.01327481, 0.022180634, 0.030676499, 0.07031644, 0.027760921, 0.012565298, 0.008999941, 0.07421865
Channel Ranking Time: 36.03508496284485

Smote Upsampling Time: 207.672203540802

Benchmark Score: 0.7811593413352966
Benchmarking Time: 20.8981876373291

Ranked performance: 0.7802417874336243, 0.7802844643592834, 0.7803698182106018, 0.7804871797561646, 0.7797456383705139, 0.7794042229652405, 0.7772703766822815, 0.7777931690216064, 0.7766835689544678, 0.775830090045929, 0.7750778794288635, 0.7735841870307922, 0.7731521129608154, 0.7713969945907593, 0.7708955407142639, 0.7696152925491333, 0.7663718461990356, 0.7661371231079102, 0.7607011795043945, 0.7565348744392395, 0.7530407309532166, 0.7452308535575867, 0.738642692565918, 0.730934202671051, 0.7135328054428101, 0.6978597640991211, 0.6788046360015869, 0.6433776617050171, 0.6034216284751892, 0.5872898101806641, 0.538905143737793
Training and Testing Times per Reduction: 21.131049871444702, 20.901564598083496, 20.730592966079712, 20.398539781570435, 21.137611150741577, 21.26286482810974, 20.840877056121826, 19.630476713180542, 19.961294174194336, 19.65080237388611, 20.250274419784546, 20.026980876922607, 19.74928331375122, 20.096808433532715, 20.17880368232727, 19.78571367263794, 18.9509379863739, 20.3787362575531, 18.536181449890137, 18.640147924423218, 19.08273196220398, 19.231916666030884, 19.354292154312134, 17.437236070632935, 16.636905908584595, 16.552006721496582, 16.339535236358643, 15.629192113876343, 10.661076784133911, 9.849455833435059, 7.8716819286346436
Classification Times0.6007997989654541, 0.5979757308959961, 0.5952856540679932, 0.6245067119598389, 0.6000213623046875, 0.6007952690124512, 0.6044492721557617, 0.6340079307556152, 0.6597950458526611, 0.6293685436248779, 0.628446102142334, 0.637519121170044, 0.6425421237945557, 0.6813015937805176, 0.6477236747741699, 0.6606218814849854, 0.7054638862609863, 0.8283569812774658, 0.7773113250732422, 0.7501475811004639, 0.9085407257080078, 0.8593466281890869, 0.9493451118469238, 0.984072208404541, 0.8822946548461914, 0.8637993335723877, 0.7605607509613037, 0.6173021793365479, 0.06732320785522461, 0.008594036102294922, 0.06777238845825195
Overall Ranking Time: 570.8870470523834

Total Participant Time: 837.678305387497

Participant 6

Channel rankings: 0.020922637, 0.07538438, 0.03265688, 0.0603724, 0.057334162, 0.03447118, 0.017751094, 0.027845887, 0.03883016, 0.011039912, 0.014762313, 0.03336777, 0.034616157, 0.016450187, 0.03457298, 0.057609852, 0.021251263, 0.014285699, 0.012329419, 0.021972885, 0.006182025, 0.026864506, 0.03796724, 0.0075835316, 0.01995819, 0.024254883, 0.017915616, 0.05139385, 0.05063052, 0.039878964, 0.043798894, 0.035744622
Channel Ranking Time: 44.089367628097534

Smote Upsampling Time: 212.88847613334656

Benchmark Score: 0.8129107356071472
Benchmarking Time: 19.361358404159546

Ranked performance: 0.8134709000587463, 0.8129320740699768, 0.8129481077194214, 0.812553346157074, 0.8112890720367432, 0.809891402721405, 0.8093686103820801, 0.8072934150695801, 0.8074268102645874, 0.805677056312561, 0.8047808408737183, 0.8036178946495056, 0.80312180519104, 0.8019055128097534, 0.8010626435279846, 0.7997609972953796, 0.7964322566986084, 0.7954879999160767, 0.7912683486938477, 0.7892999053001404, 0.7872780561447144, 0.7829303741455078, 0.7802150845527649, 0.7709435820579529, 0.7540009617805481, 0.7393041849136353, 0.7078834772109985, 0.6793380975723267, 0.6627475023269653, 0.6251280307769775, 0.5756017565727234
Training and Testing Times per Reduction: 19.179459810256958, 18.454050302505493, 18.414835214614868, 18.973647356033325, 19.861650705337524, 20.166239261627197, 20.079006671905518, 18.75400424003601, 17.827319383621216, 18.39785385131836, 18.221330165863037, 18.00767207145691, 17.755386114120483, 18.425402879714966, 19.337553024291992, 20.053548336029053, 18.183671474456787, 18.41979146003723, 17.79670000076294, 17.051424026489258, 16.91266965866089, 16.751810550689697, 17.018375635147095, 16.0330171585083, 16.015859603881836, 16.62481999397278, 15.419763088226318, 14.409509181976318, 11.041975736618042, 10.010018825531006, 8.676685571670532
Classification Times0.5577824115753174, 0.5572576522827148, 0.5514202117919922, 0.587155818939209, 0.5928606986999512, 0.5873918533325195, 0.5865743160247803, 0.6026551723480225, 0.6444919109344482, 0.613985538482666, 0.5926387310028076, 0.5960183143615723, 0.6158998012542725, 0.6611931324005127, 0.6357405185699463, 0.7026445865631104, 0.6981515884399414, 0.7720158100128174, 0.7435512542724609, 0.7781543731689453, 0.8910632133483887, 0.7197325229644775, 0.739382266998291, 0.7906444072723389, 0.8198132514953613, 0.794790506362915, 0.7830555438995361, 0.5766217708587646, 0.06948041915893555, 0.008949756622314453, 0.0042154788970947266
Overall Ranking Time: 532.2766106128693

Total Participant Time: 810.8420994281769

Participant 7

Channel rankings: 0.01831429, 0.0324202, 0.041080408, 0.025318732, 0.06634575, 0.06407876, 0.038490273, 0.011677208, 0.07487954, 0.026067622, 0.054849792, 0.023146126, 0.016087614, 0.052612495, 0.042596906, 0.060461458, 0.018564837, 0.015342566, 0.016191673, 0.0134758875, 0.014792392, 0.020172918, 0.014155602, 0.013436509, 0.01395082, 0.01706825, 0.0359424, 0.016609982, 0.011893527, 0.040620126, 0.043631207, 0.045724127
Channel Ranking Time: 37.10914659500122

Smote Upsampling Time: 251.75869464874268

Benchmark Score: 0.7956000566482544
Benchmarking Time: 17.768431186676025

Ranked performance: 0.7951626181602478, 0.7952212691307068, 0.7950292229652405, 0.7943837642669678, 0.7944637537002563, 0.7942770719528198, 0.793956995010376, 0.7932848334312439, 0.79271399974823, 0.7913750410079956, 0.790884256362915, 0.7903241515159607, 0.7895826101303101, 0.7887397408485413, 0.7872567176818848, 0.785000205039978, 0.7831757664680481, 0.7816073894500732, 0.7775744795799255, 0.7697433233261108, 0.7636352181434631, 0.7617894411087036, 0.7522031664848328, 0.7436038255691528, 0.7281815409660339, 0.7128232717514038, 0.6866998076438904, 0.6423800587654114, 0.6229888796806335, 0.6036083102226257, 0.5388677716255188
Training and Testing Times per Reduction: 18.25814414024353, 17.43445348739624, 17.38619565963745, 17.247321367263794, 17.315105438232422, 17.28936529159546, 17.337135553359985, 16.087671041488647, 15.83397650718689, 15.350583553314209, 15.847820520401001, 15.525156497955322, 15.56166958808899, 15.079040288925171, 15.411253690719604, 15.83844780921936, 14.883856058120728, 14.741451263427734, 14.226109743118286, 14.731558084487915, 14.414427757263184, 14.371025323867798, 14.468005418777466, 14.373512506484985, 14.550202131271362, 14.008239507675171, 13.273104429244995, 12.326006889343262, 8.876332759857178, 8.287190914154053, 7.9118812084198
Classification Times0.6342124938964844, 0.6473326683044434, 0.634251594543457, 0.65134596824646, 0.6309201717376709, 0.6280269622802734, 0.6365587711334229, 0.6377887725830078, 0.675351619720459, 0.6420035362243652, 0.6373467445373535, 0.6603603363037109, 0.6625072956085205, 0.6714732646942139, 0.6659324169158936, 0.75823974609375, 0.7773845195770264, 0.8588809967041016, 0.7677013874053955, 0.7670609951019287, 0.7938530445098877, 0.784853458404541, 0.8249564170837402, 0.9587209224700928, 1.0324287414550781, 0.9522089958190918, 0.8616123199462891, 0.6815567016601562, 0.08146381378173828, 0.012957572937011719, 0.027031660079956055
Overall Ranking Time: 458.247989654541

Total Participant Time: 767.07524061203

Participant 8

Channel rankings: 0.026872456, 0.022056984, 0.028874138, 0.040625036, 0.06882571, 0.060803276, 0.017297707, 0.024287766, 0.013734343, 0.036309, 0.01676718, 0.023233548, 0.010713478, 0.019060824, 0.03696695, 0.084209606, 0.01064297, 0.016157866, 0.009920093, 0.021480862, 0.03165992, 0.015508535, 0.02637504, 0.009197233, 0.018573547, 0.008263972, 0.02536764, 0.030178897, 0.07554014, 0.030970221, 0.028618382, 0.11090665
Channel Ranking Time: 41.840033531188965

Smote Upsampling Time: 166.95044898986816

Benchmark Score: 0.8032605051994324
Benchmarking Time: 23.05907940864563

Ranked performance: 0.8026043176651001, 0.8025403022766113, 0.8022202253341675, 0.8017027974128723, 0.801505446434021, 0.8011106848716736, 0.8014467358589172, 0.8012866973876953, 0.8005558848381042, 0.799062192440033, 0.7981873154640198, 0.7966029644012451, 0.7953653335571289, 0.7939516305923462, 0.7929007411003113, 0.7889744639396667, 0.7872194051742554, 0.7858591079711914, 0.7804818153381348, 0.7774090766906738, 0.7705755233764648, 0.7654489874839783, 0.7608612179756165, 0.7543796896934509, 0.7404190897941589, 0.7280108332633972, 0.7046239972114563, 0.6691703796386719, 0.6360799074172974, 0.6328845024108887, 0.5285453796386719
Training and Testing Times per Reduction: 23.26664924621582, 22.38151240348816, 21.881714582443237, 21.9660165309906, 21.999573230743408, 21.51412272453308, 22.06999683380127, 21.00546622276306, 21.430956840515137, 21.465216398239136, 22.368517875671387, 21.64803457260132, 21.73368239402771, 21.948304653167725, 21.91041111946106, 22.088704347610474, 20.60993194580078, 21.2811541557312, 21.276379346847534, 20.604477643966675, 20.62097454071045, 20.305325746536255, 20.3504798412323, 18.699377298355103, 18.758208751678467, 18.131802797317505, 17.675523042678833, 16.462509870529175, 11.80151891708374, 11.149710416793823, 10.447324275970459
Classification Times0.572176456451416, 0.5708200931549072, 0.5588862895965576, 0.5774867534637451, 0.5643532276153564, 0.5601801872253418, 0.5691633224487305, 0.5874037742614746, 0.6483402252197266, 0.6205410957336426, 0.6152975559234619, 0.6484861373901367, 0.6898331642150879, 0.6799356937408447, 0.6724522113800049, 0.813410758972168, 0.6927998065948486, 0.7384815216064453, 0.7537269592285156, 0.7628769874572754, 0.779871940612793, 0.795046329498291, 0.8383710384368896, 0.9307518005371094, 0.894068717956543, 0.885591983795166, 0.8223636150360107, 0.5997076034545898, 0.06841754913330078, 0.009016036987304688, 0.0061490535736083984
Overall Ranking Time: 618.8552277088165

Total Participant Time: 852.8683876991272

Participant 9

Channel rankings: 0.011188989, 0.05757231, 0.012514021, 0.0270437, 0.049215693, 0.037790127, 0.016870856, 0.063456096, 0.020004373, 0.065542735, 0.059192777, 0.024226222, 0.018496023, 0.028080754, 0.06736084, 0.08854277, 0.018194765, 0.0091399355, 0.02757145, 0.020261314, 0.042938065, 0.029832715, 0.0074085738, 0.01749963, 0.016558334, 0.014922071, 0.015243106, 0.042739034, 0.015377654, 0.014507467, 0.012611236, 0.048096392
Channel Ranking Time: 44.86293911933899

Smote Upsampling Time: 159.65930104255676

Benchmark Score: 0.8365483283996582
Benchmarking Time: 17.06512975692749

Ranked performance: 0.8368470668792725, 0.836142897605896, 0.8360148668289185, 0.8380793333053589, 0.8365269899368286, 0.835369348526001, 0.8365376591682434, 0.8365483283996582, 0.8350599408149719, 0.836564302444458, 0.8352519869804382, 0.8349639177322388, 0.8345158100128174, 0.8311230540275574, 0.8310803771018982, 0.8307816386222839, 0.829069197177887, 0.8269513845443726, 0.8234732151031494, 0.8216434717178345, 0.8160688281059265, 0.8079015612602234, 0.8029350638389587, 0.7982086539268494, 0.7862805128097534, 0.7731414437294006, 0.7435824871063232, 0.7152931690216064, 0.6955819129943848, 0.6624327898025513, 0.5549249053001404
Training and Testing Times per Reduction: 17.391103506088257, 17.099247694015503, 16.500901222229004, 17.242995500564575, 18.321123123168945, 17.320455312728882, 17.272910594940186, 16.063589096069336, 16.64743185043335, 16.496737957000732, 16.484024047851562, 16.574038982391357, 16.843644857406616, 16.576329469680786, 17.15239453315735, 16.740278005599976, 15.173961162567139, 15.49907374382019, 15.341075420379639, 15.530676126480103, 15.731456995010376, 15.89022946357727, 15.81757402420044, 14.628358602523804, 14.214462041854858, 14.379261493682861, 14.01513957977295, 12.487511157989502, 8.040038347244263, 7.874024391174316, 6.5623204708099365
Classification Times0.5735824108123779, 0.5694866180419922, 0.5724797248840332, 0.6224148273468018, 0.5773873329162598, 0.5717177391052246, 0.5806496143341064, 0.6074419021606445, 0.6218175888061523, 0.6021242141723633, 0.6718659400939941, 0.6094162464141846, 0.7475781440734863, 0.6724824905395508, 0.6417014598846436, 0.6171574592590332, 0.669403076171875, 0.6721134185791016, 0.7018172740936279, 0.6830282211303711, 0.7331933975219727, 0.7287099361419678, 0.7531309127807617, 0.8773391246795654, 0.8533484935760498, 0.8574779033660889, 0.8270132541656494, 0.6762416362762451, 0.0722196102142334, 0.008154153823852539, 0.00871729850769043
Overall Ranking Time: 471.9138197898865

Total Participant Time: 695.7283301353455

Participant 10

Channel rankings: 0.01585794, 0.025315572, 0.053012293, 0.025721006, 0.041995388, 0.030161204, 0.0400055, 0.063384786, 0.060934268, 0.06938467, 0.05239826, 0.019642083, 0.010242052, 0.018598126, 0.029089471, 0.07161727, 0.0224189, 0.019847764, 0.016806599, 0.015581451, 0.010744308, 0.015803585, 0.010237093, 0.012846141, 0.012855581, 0.015826555, 0.0677861, 0.028659359, 0.023043053, 0.014459141, 0.0114393085, 0.07428517
Channel Ranking Time: 37.233684062957764

Smote Upsampling Time: 206.39902234077454

Benchmark Score: 0.7874327898025513
Benchmarking Time: 15.956137418746948

Ranked performance: 0.7867926359176636, 0.7870273590087891, 0.7860671281814575, 0.7853949666023254, 0.7856884002685547, 0.7852296233177185, 0.7848615050315857, 0.7852296233177185, 0.7845147848129272, 0.7838959693908691, 0.7820181846618652, 0.7817674279212952, 0.7803964614868164, 0.7785453796386719, 0.7769929766654968, 0.774587094783783, 0.77447509765625, 0.771151602268219, 0.7688950896263123, 0.7655770182609558, 0.7598796486854553, 0.7556546330451965, 0.7501013278961182, 0.7422328591346741, 0.730048656463623, 0.7114042639732361, 0.6773749589920044, 0.6495550870895386, 0.6118662357330322, 0.5376995205879211, 0.5335652232170105
Training and Testing Times per Reduction: 16.26770329475403, 15.907542705535889, 16.10741400718689, 15.982352018356323, 16.037479639053345, 16.266798734664917, 15.98641586303711, 15.110034704208374, 15.209659099578857, 15.293467283248901, 15.230112552642822, 15.390207767486572, 15.771679162979126, 15.205112218856812, 15.313313961029053, 15.380722761154175, 14.38803482055664, 14.587257385253906, 14.25049114227295, 14.298221588134766, 14.43062973022461, 14.740574598312378, 14.747902870178223, 13.596739053726196, 13.572235822677612, 14.377888441085815, 13.465402364730835, 13.418220520019531, 9.082255125045776, 8.688283443450928, 7.707864046096802
Classification Times0.6099860668182373, 0.6157968044281006, 0.6352028846740723, 0.6203277111053467, 0.6073343753814697, 0.6121046543121338, 0.6133322715759277, 0.6997156143188477, 0.6845970153808594, 0.6884398460388184, 0.799187183380127, 0.6489686965942383, 0.6452689170837402, 0.6719381809234619, 0.6601283550262451, 0.657801628112793, 0.7143509387969971, 0.7166640758514404, 0.7498829364776611, 0.7351844310760498, 0.7405576705932617, 0.7704787254333496, 0.7996478080749512, 0.9967107772827148, 0.9835503101348877, 0.9892854690551758, 0.9843690395355225, 0.6123104095458984, 0.07838654518127441, 0.011951684951782227, 0.07808327674865723
Overall Ranking Time: 445.8135209083557

Total Participant Time: 707.5622363090515

Participant 11

Channel rankings: 0.019965935, 0.025017016, 0.025867116, 0.03462226, 0.032222264, 0.048712853, 0.033267893, 0.03142062, 0.06623312, 0.038627263, 0.029853769, 0.080291525, 0.035615556, 0.02011159, 0.009100817, 0.021911725, 0.037256572, 0.08738621, 0.015180684, 0.013437159, 0.035805557, 0.02025711, 0.028954051, 0.014539902, 0.035796624, 0.015077253, 0.011979601, 0.03869747, 0.0075196517, 0.016445149, 0.018933937, 0.049891792
Channel Ranking Time: 41.52771997451782

Smote Upsampling Time: 206.8204619884491

Benchmark Score: 0.8062105178833008
Benchmarking Time: 22.116292715072632

Ranked performance: 0.8057410717010498, 0.80572509765625, 0.8051169514656067, 0.8052236437797546, 0.8048128485679626, 0.8043807744979858, 0.803591251373291, 0.8030097484588623, 0.8020975589752197, 0.8004491925239563, 0.800726592540741, 0.7999797463417053, 0.7986407279968262, 0.7964268922805786, 0.7948371767997742, 0.793178141117096, 0.7901747822761536, 0.7872033715248108, 0.7834318280220032, 0.7796763181686401, 0.775413990020752, 0.7680469155311584, 0.7644887566566467, 0.7571216821670532, 0.7431397438049316, 0.7311315536499023, 0.7165041565895081, 0.6958913207054138, 0.6798555254936218, 0.6684608459472656, 0.5142006874084473
Training and Testing Times per Reduction: 21.09143877029419, 21.054386615753174, 20.69587731361389, 19.901771783828735, 20.1565420627594, 19.968316316604614, 20.31919288635254, 19.29706120491028, 19.23687505722046, 19.900686025619507, 18.758955717086792, 18.75481367111206, 19.062114715576172, 19.43027639389038, 19.981218099594116, 19.758782386779785, 18.570628881454468, 18.661621570587158, 19.5770366191864, 19.346052169799805, 19.81025719642639, 19.89205265045166, 19.645235061645508, 18.0802640914917, 18.00380253791809, 17.192609786987305, 17.178190231323242, 16.66368007659912, 13.370545625686646, 12.072499752044678, 12.582726001739502
Classification Times0.4913785457611084, 0.4842698574066162, 0.4678151607513428, 0.4858827590942383, 0.4584636688232422, 0.45548415184020996, 0.45915865898132324, 0.5537543296813965, 0.5744419097900391, 0.5532538890838623, 0.5548171997070312, 0.5584087371826172, 0.5753173828125, 0.5974564552307129, 0.5743839740753174, 0.5912108421325684, 0.6260809898376465, 0.6368701457977295, 0.6669132709503174, 0.6593401432037354, 0.6774790287017822, 0.7129788398742676, 0.7271304130554199, 0.9079897403717041, 0.922356367111206, 0.951397180557251, 0.9410839080810547, 0.6370928287506104, 0.07583928108215332, 0.009066581726074219, 0.00663447380065918
Overall Ranking Time: 578.0169882774353

Total Participant Time: 850.6242430210114

Participant 12

Channel rankings: 0.025300518, 0.038973495, 0.014067086, 0.021832911, 0.047126144, 0.039869364, 0.023808938, 0.014735687, 0.048958723, 0.016712835, 0.024814375, 0.033276457, 0.014384264, 0.055434242, 0.011335894, 0.058732424, 0.014411398, 0.035166346, 0.006316722, 0.02269738, 0.00891401, 0.059518307, 0.037232958, 0.013331244, 0.0067966445, 0.014094945, 0.01689423, 0.03508185, 0.03113381, 0.097470485, 0.037960872, 0.073615484
Channel Ranking Time: 37.54467964172363

Smote Upsampling Time: 205.0677251815796

Benchmark Score: 0.8229451179504395
Benchmarking Time: 17.04713249206543

Ranked performance: 0.8232758641242981, 0.8225023746490479, 0.8224650025367737, 0.8221769332885742, 0.8223316669464111, 0.821659505367279, 0.8202884793281555, 0.8198457360267639, 0.8199417591094971, 0.8186774253845215, 0.8181066513061523, 0.8159194588661194, 0.8162075281143188, 0.8144150972366333, 0.8124093413352966, 0.811561107635498, 0.8076454997062683, 0.8060985207557678, 0.8013880848884583, 0.7965602874755859, 0.7933488488197327, 0.7885156869888306, 0.7838959693908691, 0.7772383689880371, 0.7647021412849426, 0.7502827048301697, 0.7320491075515747, 0.7118790745735168, 0.6652334332466125, 0.6463863253593445, 0.47325238585472107
Training and Testing Times per Reduction: 17.241778135299683, 16.779475688934326, 16.666590213775635, 16.923786878585815, 17.43541955947876, 17.47208523750305, 17.003880739212036, 15.965998649597168, 16.301313161849976, 16.14578366279602, 16.231184482574463, 16.184083461761475, 15.864036321640015, 16.104830980300903, 16.138548135757446, 16.29460597038269, 16.09382939338684, 15.570542097091675, 15.512709617614746, 15.243629455566406, 15.527813196182251, 15.721677780151367, 15.512718915939331, 14.433409690856934, 13.975436210632324, 12.959935188293457, 13.005332231521606, 11.844752073287964, 8.047618865966797, 7.56555700302124, 7.106597185134888
Classification Times0.5602333545684814, 0.5583984851837158, 0.5480301380157471, 0.7022743225097656, 0.6184706687927246, 0.6945888996124268, 0.555535078048706, 0.5884881019592285, 0.6163928508758545, 0.6147699356079102, 0.6179871559143066, 0.5975069999694824, 0.5975830554962158, 0.6388192176818848, 0.6237554550170898, 0.607731819152832, 0.6814577579498291, 0.6581380367279053, 0.7110941410064697, 0.7045397758483887, 0.7056002616882324, 0.7313826084136963, 0.7642083168029785, 0.86236572265625, 0.8594257831573486, 0.8392329216003418, 0.7325620651245117, 0.44521522521972656, 0.06249570846557617, 0.00825643539428711, 0.016832351684570312
Overall Ranking Time: 462.8765752315521

Total Participant Time: 724.7126379013062

Total Time: 9253.945605516434
